0 6 0 0 14 0 0 0 0 0 2 0 15 0 0 0
0 0 11 0 0 0 12 3 0 0 1 0 8 0 16 0
0 0 0 0 0 5 0 9 0 0 0 0 0 2 0 10
15 3 12 0 7 11 0 16 0 8 0 5 0 0 6 0
6 11 0 0 8 10 0 0 0 0 5 14 0 3 2 0
9 10 0 0 0 0 3 0 0 15 7 0 0 14 5 11
14 16 0 0 1 0 0 7 0 0 10 4 0 0 0 12
0 0 5 0 0 2 0 0 12 0 0 8 0 10 0 13
11 9 10 0 0 8 0 14 0 0 0 0 0 0 0 0
0 0 16 8 10 0 0 0 6 0 0 2 0 0 3 1
5 2 0 3 0 0 0 0 0 0 0 0 0 12 14 0
7 15 0 0 0 0 6 0 3 0 0 0 0 0 0 0
0 0 0 13 16 7 0 11 9 12 0 10 4 0 0 0
16 0 2 0 0 14 1 0 0 0 11 13 0 0 0 0
8 0 0 11 5 0 4 12 0 0 0 1 13 0 0 0
0 5 9 1 0 3 15 13 0 0 0 16 0 0 12 14