 1  0  0 13  0  8  0  0  0 15  0  0  0  3  2  0  0 21 18 19  0  0  0  0 17
 0  0  0 11  0 24  0  2  4  0 21 25  0  0 17  0 20  0  0 16  8  0  3  0  0
 0  0 12  0  3  0 18  0  0  0  0  0  7  0 19  0 23  9 22  0  0 20 15  0  6
 0 17  0 21  0  0  0 20 14 13  0  0 11 18  0 25 24  5  3  0  4  0 23  0  0
 0  0 20  0  0  0  0  0 17  0  0  8 12 22  0  0  0  0 14 15  1  0 10  0 19
11  7  0  0  8  0 23 24  0  3  0  0  0  0 20  6  0 17  0  0  0 22  9  0  0
21  0  0  0  5  7  4 12  0  9  6  0  0  0 11  0  0 18  0  0 23 17 19 16  0
 0  0 18  0  0 14  0 13  0 16  0 19  0  0  8  4 12  0  0  0  0  0  0 24  0
 0  0 10 14  0  0 11  0 18  0  1  0 22  9 16 13  8  0 24  0  0  0  0  0  0
 0  0  0  0 12  5  6 22 10  0  0 13 15 14  0  0  9 19 16  0  0  0 11  0  0
 0  0  0  0  0  9 16  0 19  0  0  0  5  7  0  0  2  0 13 23 22  8  0 14  0
25  0  5  3  0  0  0  0 11 20  0  2  0  0 12 19  0  0  0  9  0  4  0  0  0
12 10  2 16 22 18 21  0  0  0  0 15  4  6  9  0 11  1  0  0  0 13 17  0  0
 8  0  0  0  6  0  0 17  0  0 10  0  0  0 14  0  0 24  0  0  0 21 20  0  0
 0  0  0  9  0  0  7  0  0 24  0 11  8 17  0 15  0  0  0 10 18  0  0 25  0
 0 18  0 23 10  0  0  0  0 25  7  9  3  8  0  0 17  0  0  6 16  0  5  0  0
 0 15  0  0  0  0  0 10  0  0  0  0  0  0  0  0 14  0  0  0  0  0 24  4 20
 0  0  6  0  0  0 19  9  0  0 17 23 21 24 10  0 18  0 25  5  3  2  0  0 11
 0  0  0  0  0  6  0  0  0 23  0 20  0 13 15 22  0  3  0  0  0  1  0  0  0
22 12  0 19  0  0  1  0  0 14  5  0 18  0  0 11 10  0  9  0  0  0  0  7  0
 0  0  8  0 24  0  0  0  1  4 11  0 19  0 25  0 15  0  0 21 14  5  0 22  0
 0  5 17  0 13 21  0  0  0 10  0  0  0  0 23  0  0 14 19 22  2  0  0 18  0
19  0  0  0 15  0 20  0  0  0  9  0 13  4  7 24  5  0  1 11  0  0 25  0  0
 0  0  0 12  1  0 24 14  0  0  0  0  0  0  0 20  0  0  0 17  0 16  0  0  0
 0  0  0  0 18  0  0  0  0 11  0 22  0  0  0  0 16 10  0  4 20  0  0  0 15